#       SHIFT                | Serpent              | Serpent, myAMPX      | SHIFT, myAMPX        | Serpent, noSab       | Serpent, noSab, Pu239 for U5 | Serpent, noSab, Th232 for U8 | SHIFT, noSab, Th232 for U8 | SHIFT, detailed AMPX | KENO                 |
#           keff sigma(keff)       keff sigma(keff)       keff sigma(keff)       keff sigma(keff)       keff sigma(keff)       keff sigma(keff)       keff sigma(keff)       keff sigma(keff)       keff sigma(keff)       keff sigma(keff)  
 300.0 1.08748300 0.00017400  1.08539000 0.00007055  1.21920000 0.00014630  1.08753500 0.00018900  1.08783000 0.00006962  1.27342000 0.00007895  0.67858200 0.00003596  0.68093000 0.00010100      NaN         NaN    1.08627000 0.00012000  
 310.0 1.08656700 0.00018000  1.08502000 0.00007270  1.21926000 0.00015850  1.08689300 0.00019600  1.08741000 0.00006959  1.27425000 0.00007646  0.67832400 0.00005562  0.68067300 0.00010400      NaN         NaN    1.08559000 0.00013000  
 320.0 1.08618200 0.00016700  1.08482000 0.00006834  1.21862000 0.00014623  1.08659500 0.00018200  1.08724000 0.00006632  1.27500000 0.00008160  0.67815100 0.00003662  0.68053900 0.00011300      NaN         NaN    1.08516000 0.00012000  
 330.0 1.08639400 0.00016700  1.08448000 0.00006832  1.21863000 0.00014624  1.08587400 0.00018400  1.08696000 0.00006848  1.27586000 0.00008548  0.67794400 0.00003525  0.68019900 0.00010300      NaN         NaN    1.08492000 0.00013000  
 340.0 1.08533100 0.00018100  1.08405000 0.00006830  1.21867000 0.00015843  1.08530800 0.00018000  1.08655000 0.00006954  1.27681000 0.00008172  0.67763700 0.00003659  0.67994600 0.00011700      NaN         NaN    1.08454000 0.00014000  
 350.0 1.08497400 0.00018200  1.08379000 0.00006936  1.21811000 0.00014617  1.08512700 0.00017100  1.08625000 0.00006735  1.27757000 0.00007921  0.67742900 0.00003997  0.67950400 0.00011100      NaN         NaN    1.08421000 0.00014000  
 360.0 1.08500200 0.00016900  1.08339000 0.00007042  1.21784000 0.00014614  1.08469300 0.00016700  1.08588000 0.00006841  1.27841000 0.00008054  0.67725400 0.00003657  0.67949500 0.00010900      NaN         NaN    1.08385000 0.00012000  
 370.0 1.08474300 0.00017500  1.08298000 0.00007364  1.21759000 0.00015829  1.08458900 0.00017800  1.08544000 0.00007272  1.27925000 0.00008315  0.67697500 0.00003520  0.67925500 0.00010500      NaN         NaN    1.08325000 0.00013000  
 380.0 1.08398600 0.00017400  1.08262000 0.00007037  1.21735000 0.00014608  1.08378600 0.00019000  1.08515000 0.00006945  1.28017000 0.00007809  0.67674800 0.00003587  0.67869600 0.00010000      NaN         NaN    1.08310000 0.00013000  
 390.0 1.08360400 0.00018400  1.08236000 0.00006927  1.21712000 0.00015823  1.08339300 0.00019600  1.08482000 0.00007051  1.28113000 0.00008199  0.67652800 0.00003518  0.67866200 0.00011400      NaN         NaN    1.08275000 0.00011000  
 400.0 1.08305300 0.00016600  1.08190000 0.00006924  1.21702000 0.00014604  1.08303900 0.00016100  1.08431000 0.00007156  1.28186000 0.00008460  0.67640400 0.00003585  0.67839000 0.00010200      NaN         NaN    1.08232000 0.00013000  
 410.0 1.08249400 0.00016700  1.08164000 0.00006922  1.21627000 0.00014595  1.08269000 0.00018700  1.08404000 0.00007263  1.28269000 0.00008081  0.67617800 0.00003584  0.67838200 0.00009900      NaN         NaN    1.08188000 0.00012000  
 420.0 1.08229900 0.00017000  1.08117000 0.00006811  1.21614000 0.00014594  1.08235500 0.00016900  1.08358000 0.00006935  1.28377000 0.00008088  0.67597300 0.00003515  0.67823600 0.00010700      NaN         NaN    1.08145000 0.00012000  
 430.0 1.08214000 0.00016700  1.08087000 0.00007242  1.21604000 0.00015809  1.08176800 0.00016100  1.08321000 0.00007149  1.28463000 0.00008093  0.67581600 0.00003514  0.67807100 0.00010200      NaN         NaN    1.08109000 0.00013000  
 440.0 1.08142700 0.00016600  1.08054000 0.00006375  1.21571000 0.00014589  1.08161800 0.00016500  1.08289000 0.00007147  1.28561000 0.00008099  0.67566100 0.00003716  0.67765300 0.00009900      NaN         NaN    1.08094000 0.00013000  
 450.0 1.08128200 0.00018100  1.08018000 0.00006481  1.21542000 0.00013370  1.08105000 0.00018600  1.08250000 0.00007036  1.28641000 0.00008876  0.67550800 0.00003648  0.67769200 0.00010600      NaN         NaN    1.08055000 0.00014000  
 460.0 1.08100100 0.00017700  1.07975000 0.00006910  1.21527000 0.00014583  1.08121800 0.00020200  1.08217000 0.00006926  1.28729000 0.00007724  0.67538700 0.00003850  0.67761900 0.00009800      NaN         NaN    1.08023000 0.00012000  
 470.0 1.08046600 0.00017700  1.07949000 0.00007341  1.21519000 0.00014582  1.08034200 0.00016600  1.08168000 0.00007031  1.28830000 0.00008374  0.67526400 0.00003714  0.67739900 0.00010800      NaN         NaN    1.08003000 0.00014000  
 480.0 1.08013200 0.00017500  1.07904000 0.00006798  1.21448000 0.00014574  1.08020600 0.00018400  1.08135000 0.00007029  1.28936000 0.00008252  0.67516200 0.00003781  0.67720200 0.00011300      NaN         NaN    1.07945000 0.00012000  
 490.0 1.07963000 0.00016900  1.07888000 0.00006689  1.21456000 0.00015789  1.07990600 0.00016600  1.08091000 0.00006377  1.29033000 0.00008645  0.67503300 0.00003578  0.67702300 0.00010900      NaN         NaN    1.07949000 0.00012000  
 500.0 1.07986900 0.00018500  1.07830000 0.00006685  1.21394000 0.00014567  1.07973200 0.00018000  1.08056000 0.00007132  1.29121000 0.00008393  0.67498900 0.00003780  0.67720000 0.00013700      NaN         NaN    1.07935000 0.00012000  
 510.0 1.07937400 0.00017800  1.07814000 0.00006792  1.21367000 0.00014564  1.07944600 0.00016200  1.08022000 0.00006913  1.29228000 0.00008271  0.67485900 0.00003644  0.67693300 0.00009700      NaN         NaN    1.07862000 0.00012000  
 520.0 1.07918800 0.00018000  1.07778000 0.00006898  1.21351000 0.00014562  1.07934400 0.00019300  1.07986000 0.00007019  1.29308000 0.00007629  0.67482400 0.00003577  0.67664700 0.00010200      NaN         NaN    1.07836000 0.00012000  
 530.0 1.07861900 0.00015800  1.07762000 0.00006789  1.21308000 0.00014557  1.07866600 0.00017700  1.07957000 0.00006801  1.29425000 0.00008154  0.67478100 0.00003644  0.67676200 0.00011300      NaN         NaN    1.07813000 0.00012000  
 540.0 1.07827200 0.00016700  1.07717000 0.00006786  1.21286000 0.00014554  1.07849100 0.00016700  1.07913000 0.00006475  1.29519000 0.00007901  0.67468200 0.00003778  0.67633400 0.00013300      NaN         NaN    1.07765000 0.00012000  
 550.0 1.07779300 0.00017700  1.07691000 0.00006677  1.21267000 0.00014552  1.07770100 0.00018900  1.07888000 0.00007013  1.29625000 0.00008426  0.67470400 0.00003643  0.67666400 0.00010400      NaN         NaN    1.07758000 0.00012000  
 560.0 1.07780200 0.00017200  1.07661000 0.00006783  1.21247000 0.00014550  1.07755100 0.00017200  1.07857000 0.00006687  1.29714000 0.00008431  0.67464400 0.00003778  0.67652000 0.00011100      NaN         NaN    1.07713000 0.00013000  
 570.0 1.07776400 0.00017800  1.07626000 0.00006996  1.21192000 0.00014543  1.07718800 0.00020400  1.07819000 0.00007116  1.29813000 0.00008568  0.67465400 0.00003508  0.67662000 0.00009700      NaN         NaN    1.07693000 0.00012000  
 580.0 1.07725000 0.00019600  1.07605000 0.00006779  1.21190000 0.00015755  1.07729600 0.00019200  1.07795000 0.00006899  1.29922000 0.00007795  0.67464200 0.00003643  0.67635100 0.00011300      NaN         NaN    1.07685000 0.00012000  
 590.0 1.07692100 0.00018500  1.07570000 0.00006992  1.21167000 0.00014540  1.07717400 0.00016900  1.07744000 0.00007003  1.30002000 0.00008320  0.67465700 0.00003643  0.67635700 0.00010000      NaN         NaN    1.07646000 0.00016000  
 600.0 1.07650400 0.00018100  1.07530000 0.00007097  1.21116000 0.00015745  1.07637200 0.00016900  1.07722000 0.00006786  1.30108000 0.00008067  0.67468700 0.00003778  0.67640400 0.00010700      NaN         NaN    1.07600000 0.00013000  
 610.0 1.07641100 0.00017100  1.07518000 0.00006881  1.21086000 0.00014530  1.07598500 0.00019500  1.07695000 0.00007323  1.30199000 0.00008333  0.67464600 0.00003711  0.67663800 0.00009900      NaN         NaN    1.07574000 0.00011000  
 620.0 1.07616400 0.00015900  1.07493000 0.00007095  1.21058000 0.00015738  1.07585200 0.00018500  1.07656000 0.00007428  1.30293000 0.00008339  0.67477500 0.00003374  0.67651500 0.00010300      NaN         NaN    1.07550000 0.00012000  
 630.0 1.07582400 0.00017200  1.07468000 0.00006770  1.21023000 0.00014523  1.07584400 0.00016600  1.07634000 0.00006889  1.30402000 0.00008607  0.67473400 0.00003576  0.67653400 0.00010000      NaN         NaN    1.07513000 0.00013000  
 640.0 1.07558900 0.00017500  1.07441000 0.00006661  1.21015000 0.00015732  1.07563300 0.00016200  1.07614000 0.00006672  1.30492000 0.00008351  0.67480600 0.00003779  0.67651900 0.00010900      NaN         NaN    1.07508000 0.00013000  
 650.0 1.07521800 0.00018700  1.07411000 0.00006767  1.21007000 0.00014521  1.07519400 0.00016300  1.07574000 0.00007100  1.30588000 0.00008358  0.67483900 0.00003644  0.67669800 0.00010200      NaN         NaN    1.07467000 0.00012000  
 660.0 1.07530300 0.00016900  1.07380000 0.00006765  1.20961000 0.00014515  1.07509000 0.00015600  1.07555000 0.00006668  1.30682000 0.00008364  0.67503200 0.00003713  0.67689600 0.00010600      NaN         NaN    1.07466000 0.00012000  
 670.0 1.07456100 0.00016500  1.07359000 0.00006871  1.20919000 0.00014510  1.07446500 0.00017500  1.07526000 0.00007097  1.30774000 0.00008631  0.67501600 0.00003848  0.67667200 0.00010200      NaN         NaN    1.07427000 0.00012000  
 680.0 1.07432900 0.00016900  1.07348000 0.00006656  1.20922000 0.00014511  1.07433600 0.00017300  1.07489000 0.00006449  1.30874000 0.00008245  0.67512500 0.00003713  0.67688000 0.00010400      NaN         NaN    1.07420000 0.00011000  
 690.0 1.07449400 0.00016600  1.07313000 0.00006653  1.20909000 0.00015718  1.07433300 0.00016800  1.07471000 0.00006771  1.30959000 0.00007858  0.67511500 0.00003578  0.67683300 0.00009600      NaN         NaN    1.07382000 0.00013000  
 700.0 1.07393000 0.00019000  1.07285000 0.00007081  1.20875000 0.00015714  1.07399900 0.00017200  1.07444000 0.00006876  1.31036000 0.00008517  0.67527100 0.00003579  0.67685100 0.00010100      NaN         NaN    1.07360000 0.00014000  
 710.0 1.07372600 0.00017900  1.07286000 0.00006866  1.20869000 0.00015713  1.07372600 0.00017200  1.07427000 0.00006768  1.31132000 0.00008392  0.67533700 0.00003579  0.67714700 0.00010100      NaN         NaN    1.07366000 0.00012000  
 720.0 1.07353300 0.00017300  1.07256000 0.00006650  1.20849000 0.00015710  1.07339800 0.00020000  1.07390000 0.00007303  1.31215000 0.00008135  0.67547200 0.00003783  0.67723900 0.00009300      NaN         NaN    1.07334000 0.00012000  
 730.0 1.07346800 0.00016400  1.07236000 0.00006756  1.20843000 0.00014501  1.07323600 0.00017300  1.07376000 0.00006979  1.31321000 0.00008142  0.67547500 0.00003918  0.67730200 0.00011400      NaN         NaN    1.07319000 0.00012000  
 740.0 1.07305900 0.00016100  1.07202000 0.00006968  1.20802000 0.00014496  1.07331500 0.00016400  1.07348000 0.00006548  1.31404000 0.00007753  0.67564000 0.00003581  0.67748000 0.00010800      NaN         NaN    1.07284000 0.00013000  
 750.0 1.07325100 0.00018500  1.07189000 0.00006967  1.20788000 0.00014495  1.07304300 0.00018000  1.07329000 0.00006762  1.31487000 0.00008678  0.67568700 0.00003581  0.67734200 0.00010100      NaN         NaN    1.07264000 0.00013000  
 760.0 1.07291400 0.00017700  1.07173000 0.00006966  1.20785000 0.00014494  1.07266000 0.00017500  1.07309000 0.00006546  1.31584000 0.00008553  0.67582300 0.00003717  0.67763700 0.00010200      NaN         NaN    1.07271000 0.00012000  
 770.0 1.07272500 0.00019100  1.07151000 0.00007072  1.20774000 0.00014493  1.07222800 0.00018500  1.07288000 0.00006759  1.31662000 0.00008163  0.67580200 0.00003649  0.67777900 0.00009600      NaN         NaN    1.07247000 0.00013000  
 780.0 1.07222600 0.00018000  1.07127000 0.00006749  1.20771000 0.00014493  1.07247900 0.00016400  1.07264000 0.00006865  1.31754000 0.00008169  0.67598500 0.00003650  0.67780800 0.00009600      NaN         NaN    1.07204000 0.00013000  
 790.0 1.07210200 0.00015500  1.07112000 0.00007069  1.20687000 0.00014482  1.07215900 0.00016300  1.07232000 0.00006756  1.31826000 0.00008173  0.67601000 0.00003583  0.67787800 0.00011400      NaN         NaN    1.07174000 0.00013000  
 800.0 1.07210600 0.00016600  1.07094000 0.00007389  1.20720000 0.00014486  1.07206500 0.00017200  1.07232000 0.00006863  1.31912000 0.00008574  0.67620800 0.00003381  0.67800700 0.00009500  1.07209200 0.00016400  1.07190000 0.00013000  
 810.0 1.07185000 0.00018500  1.07076000 0.00006853  1.20690000 0.00014483  1.07156300 0.00017200  1.07202000 0.00006647  1.31977000 0.00008579  0.67637100 0.00003585  0.67819100 0.00010100  1.07198700 0.00019900  1.07138000 0.00013000  
 820.0 1.07138200 0.00020100  1.07050000 0.00006744  1.20679000 0.00014481  1.07142900 0.00016000  1.07174000 0.00006752  1.32081000 0.00008321  0.67636600 0.00003855  0.67818800 0.00009600  1.07173300 0.00018000  1.07134000 0.00014000  
 830.0 1.07097600 0.00017100  1.07038000 0.00006529  1.20672000 0.00014481  1.07127700 0.00016500  1.07172000 0.00006859  1.32147000 0.00008457  0.67659300 0.00003924  0.67816100 0.00009800  1.07122000 0.00015800  1.07100000 0.00012000  
 840.0 1.07125800 0.00017800  1.07036000 0.00006529  1.20659000 0.00015686  1.07113100 0.00015800  1.07151000 0.00006751  1.32235000 0.00008331  0.67670900 0.00003790  0.67851500 0.00009700  1.07131200 0.00017900  1.07093000 0.00012000  
 850.0 1.07094200 0.00016800  1.06997000 0.00006955  1.20657000 0.00015685  1.07101500 0.00016800  1.07132000 0.00006964  1.32304000 0.00008335  0.67676400 0.00003655  0.67848000 0.00009700  1.07110300 0.00015300  1.07068000 0.00012000  
 860.0 1.07092000 0.00016400  1.06979000 0.00006740  1.20637000 0.00014476  1.07067700 0.00016800  1.07110000 0.00007069  1.32376000 0.00008472  0.67698300 0.00003588  0.67848500 0.00010100  1.07102400 0.00017700  1.07046000 0.00012000  
 870.0 1.07050600 0.00017100  1.06966000 0.00006846  1.20601000 0.00014472  1.07056500 0.00017700  1.07092000 0.00006854  1.32430000 0.00008078  0.67711900 0.00003724  0.67855900 0.00009800  1.07045000 0.00016700  1.07035000 0.00014000  
 880.0 1.07064700 0.00019000  1.06927000 0.00006736  1.20603000 0.00014472  1.07038800 0.00017000  1.07053000 0.00006851  1.32511000 0.00008216  0.67720800 0.00003725  0.67877500 0.00010800  1.07058700 0.00016700  1.07027000 0.00011000  
 890.0 1.07001200 0.00017200  1.06926000 0.00007057  1.20618000 0.00014474  1.07034400 0.00016400  1.07035000 0.00006850  1.32561000 0.00008616  0.67731900 0.00003725  0.67887300 0.00009400  1.07010500 0.00016300  1.06982000 0.00011000  
 900.0 1.07008800 0.00016400  1.06904000 0.00006735  1.20584000 0.00015676  1.07006400 0.00016900  1.07019000 0.00007063  1.32628000 0.00008621  0.67744400 0.00003726  0.67911500 0.00009500      NaN         NaN    1.06966000 0.00014000  
 910.0 1.06997200 0.00018500  1.06891000 0.00006841  1.20569000 0.00014468      NaN         NaN    1.07007000 0.00007062  1.32709000 0.00008361  0.67759200 0.00003727  0.67913800 0.00010800      NaN         NaN    1.06954000 0.00015000  
 920.0 1.06966100 0.00016300  1.06865000 0.00006519  1.20539000 0.00015670      NaN         NaN    1.06989000 0.00007061  1.32766000 0.00008895  0.67773200 0.00003592  0.67909200 0.00010100      NaN         NaN    1.06935000 0.00012000  
 930.0 1.06942300 0.00017300  1.06837000 0.00006731  1.20498000 0.00015665      NaN         NaN    1.06956000 0.00006952  1.32839000 0.00007970  0.67781900 0.00003864  0.67911100 0.00010700      NaN         NaN    1.06899000 0.00011000  
 940.0 1.06918800 0.00016900  1.06820000 0.00007157  1.20498000 0.00015665      NaN         NaN    1.06944000 0.00006844  1.32883000 0.00008505  0.67798500 0.00003593  0.67934700 0.00010800      NaN         NaN    1.06885000 0.00014000  
 950.0 1.06896200 0.00016500  1.06806000 0.00007263  1.20461000 0.00014455      NaN         NaN    1.06925000 0.00006950  1.32946000 0.00007977  0.67810600 0.00003662  0.67981800 0.00010000      NaN         NaN    1.06850000 0.00012000  
